bk1 441 518 133 336
bk10a 1309 532 119 378
bk10b 0 399 140 161
bk10c 469 140 49 119
bk11 0 217 119 175
bk12 903 399 406 140
bk13 469 0 497 140
bk14a 637 140 119 196
bk14b 574 399 119 294
bk14c 518 140 119 161
bk15a 756 259 266 119
bk15b 756 140 336 119
bk16 441 399 126 119
bk17a 259 399 182 371
bk17b 1260 0 203 182
bk18 903 665 203 182
bk19 0 133 119 84
bk2 966 0 294 133
bk20 119 217 350 182
bk21 0 560 140 315
bk3 0 0 315 133
bk4 1547 399 133 560
bk5a 1309 399 140 133
bk5b 693 609 133 175
bk5c 1022 259 231 133
bk6 1260 182 315 133
bk7 1575 0 98 182
bk8a 693 399 210 210
bk8b 903 539 378 126
bk9a 140 399 119 182
bk9b 1428 532 119 119
bk9c 140 581 119 357
bk9d 1575 182 84 119
VSS 1281 1463
VDD 1687 0
P9 266 0
P8 168 0
P7 924 0
P6 826 0
P5 721 0
P4 1022 0
P37 945 1463
P36 714 1463
POW@0 350 1463
POW@1 1960 0
P35 0 483
P34 0 343
P33 0 196
P32 0 623
P31 0 1225
P30 518 1463
P3 1176 1463
P29 616 1463
P28 1484 0
P27 336 1463
P26 1267 0
P25 553 0
P24 2058 168
P23 2058 861
P22 2058 728
P21 1400 1463
P20 1645 1463
P2 1127 0
P19 2058 1421
P18 2058 1365
P17 2058 1106
GND@0 2058 140
GND@1 0 1120
P16 0 763
P15 0 994
P14 2058 343
P13 2058 602
P12 2058 476
P11 455 0
P10 364 0

